87500 54253 82354 27375 97472 58377 22083 78414 76088 17040
36026 41213 99440 6919 50829 2051 86725 69537 17031 92287
14848 62514 14032 37150 49008 85499 65491 68180 89237 32435
6777 82835 32231 79144 211 9162 69567 25336 79992 24992
98486 35931 83239 31413 28419 41279 99263 7822 97385 62977
8056 24066 31308 18299 70116 67051 18220 83146 81975 61127
16122 59693 22570 13128 54818 38445 12168 23629 53593 19349
57861 5621 96 78943 86520 37165 27778 91368 38722 30281
58931 90692 31192 99615 47677 91327 5720 39157 81287 19620
32388 16508 59996 22597 22101 21280 99986 79401 2914 87604
33609 11765 15004 69398 71394 89383 34192 86020 50514 43479
33876 53016 75727 32420 76354 67886 42690 8133 2520 59923
24218 89356 17647 58 46193 79338 74197 139 81809 7206
91836 49559 61579 92709 81049 9282 65064 67640 26207 73106
40349 53412 22622 20584 15085 37623 82909 7729 61207 84521
88900 39116 88864 26620 96982 1119 78637 31764 93935 92909
97935 27291 58111 27768 85742 43948 54872 68034 91853 47945
17477 10138 37768 62429 85007 17469 66668 79740 68007 40263
77475 71391 76189 69409 60570 66251 20925 37985 10703 81746
30272 71664 48116 60659 67939 48803 22654 36307 56075 47699
85398 27680 22274 71367 66969 67567 54361 60171 83558 68892
83442 88807 77379 82710 47910 41493 81756 24704 79522 75255
33782 69128 50227 68583 90472 83538 79854 2795 73140 15968
26377 86961 48338 57698 66152 11902 39417 25348 52923 68439
96004 90643 81773 56770 30211 87014 46806 23946 33301 80261
43857 61710 20608 88043 49856 82312 88763 66676 25471 49500
65409 29548 97086 76741 4431 36310 95742 76758 66433 95657
60496 33554 10589 16042 97461 80227 10432 53823 95605 32498
26608 81538 96174 41722 55211 89093 48113 44505 76055 91979
28677 44777 20683 91708 41896 91871 86083 72084 23630 63736
25071 578 1528 24118 27083 28936 55393 13929 22780 28392
77604 66100 23496 94127 2510 16851 52270 43746 94022 3296
42507 39134 31082 8439 50595 64626 49623 18668 66277 16723
89271 96479 95442 47007 92739 21188 29206 38511 34310 38574
13042 64641 53414 89672 63544 22378 61475 93941 94309 14123
3679 79252 17974 29121 70994 31216 96807 4381 690 61534
85482 126 23310 97024 47869 58682 94470 40571 75332 79789
77242 18604 22404 10269 88553 36522 76247 27365 80661 96855
69648 66350 38158 24366 12117 41499 31650 3194 93929 71578
77389 16259 24858 7075 94919 42518 78157 68693 36572 11893
30216 69214 96481 16419 70929 64641 35123 87760 72656 72603
39623 86281 69278 45078 17323 24471 98451 95285 95050 18710
18077 54903 46137 65854 88704 66475 78169 27958 85133 21025
28393 29705 45537 58449 47751 14805 68677 78790 84168 432
36756 74206 42437 47874 73906 14589 98177 58647 74795 57303
57698 73329 31313 89032 52404 83287 43377 74525 24300 94022
51514 18650 76209 25702 47046 68427 51307 29524 12542 62147
48423 2977 68530 56845 49819 98342 9584 65812 11048 4572
37503 11280 96254 68843 32387 51342 82446 7096 41120 28544
17514 50484 67321 13216 82976 12080 37533 92887 76292 83161
51431 64812 90072 73328 35150 33040 13214 12178 93393 9180
22185 47748 12437 66093 27491 8682 41409 66100 29793 14340
48409 19461 16798 49764 42555 4048 50731 18872 88879 22099
68733 48461 46191 60781 92905 29424 53173 26869 57698 86928
38885 32488 89761 37121 19462 95976 4436 10888 57086 93397
78988 46473 90700 91347 63387 10011 16974 17491 82672 80787
52012 6570 67884 82611 86997 61552 80207 35497 55970 6167
75088 16631 25707 81495 62041 2988 84072 32907 85601 40038
53943 39156 44754 69230 81810 34304 70712 74170 13666 35307
25153 99284 9421 70379 43768 71498 91518 13311 28095 84249
47829 20279 85834 52192 46943 67721 61897 48800 28581 56966
90850 47745 79969 63733 40756 98974 58904 20588 62756 91634
16394 47169 68069 20569 56517 35037 44348 92629 5028 92122
12671 34315 76082 34834 63319 42338 35779 8124 98600 62272
67883 62469 4000 6504 86196 62909 79798 12702 88991 23962
44223 12094 9177 50204 15473 5702 17926 59354 64053 92509
59941 69190 4104 7911 45626 24710 36000 32832 61446 92030
65381 78122 35396 86418 14045 98678 68744 81089 81779 25097
71796 31411 8776 32580 85420 30334 62515 75740 72560 13650
91172 67217 69973 6154 93852 68138 84704 603 22616 67927
52277 73960 8141 77678 35163 36244 59119 17388 63647 94484
70616 15242 81335 54335 37068 78683 50385 70799 73571 57861
41426 86260 27688 71626 10906 35125 70013 98359 7699 39842
34597 61797 32484 88229 34221 9404 97208 50178 53196 58473
26039 48376 46722 54908 78122 34336 94135 40717 65167 45950
9933 89901 39862 55941 64671 21048 32353 44353 3123 57335
11231 28693 23643 75571 60638 8805 75113 81683 76795 76272
12032 53929 98308 66612 17546 58034 81660 1993 87723 22108
58464 67935 49351 83033 69075 11665 61902 95807 63535 86304
84743 59066 29847 97765 82778 69339 19813 25032 53575 49818
39424 15474 5588 46509 36174 94084 67373 48423 23764 53261
57724 52442 93137 16494 41216 82480 47809 38709 42217 91821
47590 86566 68663 57204 98207 19619 55092 6170 81685 34851
40841 28911 62735 25061 26677 54986 93611 65884 20783 53640
48782 32378 42558 83567 39078 80984 21426 99872 12924 69332
9150 58190 38409 28301 28762 44514 74647 6032 37210 18376
58673 19670 67460 10128 53622 24044 45925 91571 17887 14338
72188 28567 21970 38434 36452 35725 55182 13685 34230 74309
59783 67794 30820 92623 34489 13688 41109 92230 65151 27949
9100 20490 66676 91918 61895 69958 70297 62185 12467 54914
77854 34857 88097 37798 307 3362 463 4149 65604 81564
45298 99429 10436 20315 81279 64127 71918 56300 23491 54777
43957 30736 29087 69161 10726 99029 75202 82508 40190 68522
41438 6415 67844 19362 78648 81864 53922 63005 70099 69580
78422 13596 22516 87380 46486 8409 87173 63953 3772 45700
80751 90720 72695 80937 89662 18946 92172 71272 84877 18996
32195 72481 22516 17600 51324 77613 53095 52033 46086 76649
73449 48530 31055 34484 21504 86756 53736 42912 99596 74123
68354 2841 57092 25029 77363 91149 83 71444 28838 95767
55579 50982 5934 36651 97445 75709 89105 30245 92955 1232
39710 76563 712 82437 20883 94097 94784 58350 72555 82285
97042 69005 49832 90987 18338 51568 43043 28757 19087 60140
29384 38380 93278 48793 28073 70667 88341 11297 65659 15233
25792 63089 85507 61870 72966 36488 33899 43141 86658 34763
37476 94485 52622 85023 76741 98831 75607 75912 26618 75724
27202 82164 52401 35623 24136 81573 56481 28268 16323 52998
37884 7046 88079 80925 94018 50116 37498 56188 18954 61617
85252 2323 20278 28698 37673 34218 9823 4067 50360 28005
45545 10730 31295 65077 24516 18113 86537 34903 65617 11656
26577 89309 96321 12860 84705 19087 85595 76926 9478 59636
28669 8653 4799 31942 3402 17565 24096 38267 15800 77599
87323 69845 26671 98770 68681 26818 4449 38322 29090 22597
47176 46713 58475 87944 44157 40050 96314 70951 66294 48038
6993 58680 26439 50082 30225 86360 22997 47679 46930 74229
44776 53156 80201 88082 66363 2393 77505 14505 37278 59
18499 34755 12009 64451 4044 85630 67231 87927 82246 27056
46914 61700 51219 58702 29189 64652 66259 16740 28130 82988
98524 79179 56002 11957 64585 76725 97228 76333 63029 57344
79687 58243 94415 41725 85132 57809 80210 76290 39583 12644
74917 26033 22915 84214 75262 65786 88078 13901 47414 79942
77534 74224 70001 58140 83627 45779 68744 4782 75828 12948
53711 58980 67577 89195 26241 80996 87957 98578 70167 90252
53999 89733 99503 68722 17844 28619 37036 33876 99000 79381
48299 89641 72170 16929 94596 82833 99466 67179 9607 99956
99126 16386 39707 62093 83 93557 59667 4893 41697 91453
84037 71993 60677 7878 4847 59813 13340 90406 43770 18244
27049 66200 26820 36384 4201 60502 42872 46588 72430 16461
96885 84567 71599 72865 37434 94933 81906 25661 61644 40940
78026 21942 43118 34319 58462 45248 72140 62314 64464 45009
6396 74195 2974 16857 46357 85477 9525 25500 29031 74456
48613 75474 25309 41377 75238 60752 65481 40264 40498 89641
74896 46843 95626 31983 27683 37818 30129 98045 92062 68497
90714 70796 41220 47764 60080 39531 58669 1690 21899 77377
91048 23324 77440 6311 50789 35686 785 65764 19813 79558
25675 27192 3068 37150 22854 22462 23194 53451 8922 81882
76709 35893 71416 70675 88346 63604 95974 32045 77803 22730
72279 81775 28246 71992 37069 69372 36909 4225 22598 81451
34025 59487 53123 57702 19822 18649 97584 41315 51497 27780
30792 46356 66325 2418 55225 59170 47969 16392 69739 69400
95892 35362 55542 70570 2602 78918 91827 66789 35153 65868
43317 88252 93928 63618 97130 77757 60339 56816 64467 61282
17528 45167 12451 20477 41042 54626 71721 34837 36957 19703
61925 54120 15712 2077 8714 93317 18667 69676 78308 94640
95625 69172 65157 46776 31468 69974 93489 56613 583 57375
31782 52665 91016 85357 28558 83557 37077 93044 82659 32658
80892 86042 36243 18340 67993 28122 47589 61492 82939 38883
78069 89946 45197 46549 81305 87186 91316 15989 55769 72674
10434 70632 16069 41900 32832 98449 34997 72617 61536 33462
76076 35362 98215 19825 91413 47109 19516 94978 99854 84633
10000 96924 55083 31146 46296 14306 32563 14203 30855 40366
94519 24454 51214 65705 37024 94952 54427 92532 83210 17824
18296 73992 12240 79477 23284 30701 5002 95802 92262 77754
78587 54638 7219 89566 13771 79424 10096 57677 18497 10142
64762 1856 27244 9513 25362 30990 43702 14474 99136 90234
82305 85792 59955 51646 60472 89295 19981 58228 5556 19349
95149 32594 86380 14886 85504 53261 27082 26374 92420 28549
39678 39335 99963 59874 52688 36733 57369 1284 81021 15449
51782 79050 33635 61579 61454 58050 27398 16577 4644 68522
56148 99912 2063 66334 68904 43216 70878 25122 3503 78472
55508 92555 15170 31616 31332 49539 3441 96016 3067 70317
59138 36912 20860 44568 29533 80063 68001 57350 5834 36565
51524 44832 88028 32994 86884 90148 68823 11431 88700 61298
86399 78423 8544 89956 79448 48929 20434 14350 89038 19003
64395 47354 41909 70433 86188 55108 35734 31822 77345 43205
30275 96532 12175 31549 86106 95721 2657 8302 18374 36256
55470 15467 83879 84931 30632 22811 33084 8726 53932 13435
36048 96203 95437 77644 7788 45590 29623 99652 15646 87168
81126 7798 23038 9578 40996 92125 74640 13562 78604 72313
65333 80711 15688 55497 52564 61731 75302 23646 50022 79372
15182 30149 83003 60171 56733 16703 29537 55072 87834 62424
76672 28351 91560 98925 45738 53234 84720 33915 25232 77857
44838 77814 68815 59931 23040 29922 9030 62674 6398 97620
37788 20759 60978 46103 16819 92443 61944 72239 32361 52631
7271 63984 48475 37685 38473 33149 23663 4805 9213 82624
10254 27586 12691 71995 2189 69907 42157 79380 82650 62719
74443 65223 94136 79520 62010 73829 10806 90201 65157 15886
63159 41901 22877 36582 98889 69771 8362 14597 90882 41082
22964 48163 45445 70571 60536 759 38529 91108 55038 28989
89813 40808 11855 71607 49206 1609 246 75654 40589 14595
26671 240 28065 33245 61691 77404 77867 6532 62250 88385
9947 73087 46054 66198 76243 67809 41009 27472 61175 32123
37750 10129 67642 32269 66134 78703 53528 17344 85392 55887
11621 63072 44419 5911 18624 26706 36206 4757 19142 98513
93078 69607 11353 90949 59902 9076 94834 10248 68012 60434
3847 52881 24511 64073 97444 80544 68564 61004 59365 42145
50830 11464 28396 11640 2338 95764 58088 5565 65868 43875
60290 45876 71872 85130 18146 17758 93331 54473 1540 33940
22686 18093 12123 99023 61297 83610 21810 82866 13684 66208
86654 28599 64737 40367 15849 60944 61766 34064 67596 16121
68215 83513 59948 54505 77499 53741 33531 68114 83607 68147
60893 99188 62657 21417 38401 99793 95485 44432 38111 73444
12918 42119 58054 62759 54486 42083 43225 13405 10558 51967
75843 64762 38367 60241 60965 21846 55102 23533 72365 25647
1419 34704 52282 15809 86425 19913 6547 18541 5565 52437
4298 44274 44780 80857 252 20462 65609 58551 6954 89006
61338 98678 28565 35580 52697 73511 72477 62059 11022 86503
74473 67766 35466 53786 35016 46797 68542 3415 92819 1675
53725 48406 4873 12414 95022 76198 91251 58399 5165 92161
40430 45019 64653 26985 51935 20566 28183 52763 22054 31766
99987 78905 82102 50023 14750 42537 2263 705 92214 26382
79341 55977 49093 56451 21967 51147 50843 18110 71586 24402
48185 42401 51993 24830 26826 70883 13612 31676 15779 54103
21097 18590 94531 86094 57443 84254 54162 7376 65482 92847
26138 61254 62778 33861 79235 93631 82900 98816 32317 94687
2484 53452 58863 71903 53543 30740 69714 99974 74194 31426
46684 69665 32144 48718 68743 10941 53090 93966 46091 4396
29365 34390 32163 23965 10886 12448 63669 91938 66558 48894
44970 29020 12629 63550 80785 8442 26692 8793 53864 65175
38003 8910 31431 37977 68348 68490 42025 25896 84116 42303
97325 76893 2039 76117 145 70242 88139 70098 58414 74319
65394 69776 72689 28895 82165 69331 65263 58913 20118 3219
68954 91576 2195 91263 489 54259 93024 56867 95466 59394
76122 17983 88079 81225 50019 10630 10405 95905 60963 62778
25533 51383 15629 93028 36735 31727 89226 93584 90975 52214
44695 64026 77280 26316 34549 76285 71430 69375 33228 23068
85632 45109 48832 29554 28840 36595 19375 87421 39637 85393
3347 90437 34398 44015 14170 9705 95401 46795 56036 5009
71870 41813 66701 76631 31831 42347 60281 64948 54976 37071
83247 3477 73107 44652 70060 52549 85846 78071 7007 70568
24604 67188 37547 12482 14910 64239 49554 9236 77041 85344
61253 64811 79901 52425 36602 93790 42909 55065 56663 45891
83654 77485 8563 43581 85127 42585 89214 31381 44970 96179
99245 16215 14040 81105 54374 44380 20639 115 92934 37681
82005 7837 64269 99559 19741 16822 1227 54821 83150 90151
49220 12970 40704 29168 8674 23405 29262 83142 54325 64685
57693 74474 68887 42069 12937 47294 52221 88620 59885 57738
59476 27763 29405 28683 59140 83343 24007 60306 58814 64891
91576 44469 48737 27434 6182 9819 40048 25994 69625 22127
76496 76511 10033 5761 24486 36529 95549 43431 15457 65335
82830 9854 34406 72457 34745 15170 99513 14241 19541 17750
11004 13281 74122 72485 9901 50078 76872 44856 99699 52331
18187 24673 19896 99640 22 13181 86650 20590 75751 16278
98393 97966 46501 42565 11786 30561 71013 36720 8568 79913
89577 14499 64195 39930 38561 38156 33349 73854 38985 55940
59838 54519 7921 48446 97931 56824 79049 6347 80493 24829
90610 97517 89679 41249 49061 73653 19853 90524 23906 59828
97073 45788 94601 58239 12016 64600 25913 18815 93765 72248
50991 21423 15769 54248 73775 1134 74510 22250 16029 13529
42171 43446 13569 13130 47951 8155 18250 12837 18990 5316
36032 53117 95725 94590 65331 60590 90712 60455 15609 73643
78784 21288 45842 92262 75662 15388 92791 17662 88009 4115
84600 63696 89923 62929 5339 53699 77525 65388 41445 78873
59851 62293 44478 26706 4171 84966 61821 66961 84623 42055
21370 40333 13656 62324 6247 18803 97241 72279 44030 27102
14953 75760 10022 11692 72885 22022 23336 40872 4479 69913
12713 82470 89398 62572 69336 92751 77408 85771 13787 57713
37400 9223 12327 56118 4130 24884 23412 62335 70678 19074
83100 45116 27426 79566 75400 71895 40178 89367 95904 1448
38240 80993 82537 83205 78438 50125 18099 35706 67044 83357
34248 10339 40782 34509 86896 40734 18877 6825 62508 50157
99575 12948 74313 49170 52610 45940 92526 92866 14970 70516
3525 26830 66906 29129 64852 10463 92718 81778 44785 20700
40680 67779 58479 22262 91372 24271 91888 32261 68181 88060
79167 54714 719 63904 41399 41806 85618 49622 17667 42891
52628 8949 37650 97547 32354 27934 86087 87205 50894 93042
95893 86414 12983 93666 30901 70744 50409 69041 41124 73351
16542 93389 70879 82042 95547 20965 42041 56132 10062 75577
98057 65958 42674 28757 97389 55423 82526 35618 59523 84122
27661 95633 82788 27127 95069 24962 88923 51340 4856 66401
47658 24220 35476 77707 58089 83539 63813 41664 43215 32879
20060 14937 99337 94777 58797 52736 96261 94101 21740 19177
51320 66615 66299 4117 23876 56970 98121 29929 37215 25235
71897 43174 65858 68682 22052 88072 40346 17310 59113 98931
2853 58478 37050 618 60341 50370 9098 70858 62253 99102
3261 53496 4713 4689 93454 15084 24378 4612 12209 15412
8459 94334 56312 46870 23149 27441 63271 98130 26143 12487
44261 93337 67532 63138 78366 95808 60416 55674 29227 61266
27477 69173 7851 43884 99239 50841 80821 91410 77378 26489
82802 36778 5443 2582 68594 3508 94701 80063 65017 51101
4586 34960 90244 14965 37981 92472 62380 61192 49468 50789
64473 27448 81783 55689 14295 59547 72986 25747 93834 39649
69712 72394 49364 78303 87120 86063 68230 38687 99327 45395
60310 38825 17461 73569 53723 1506 64861 96602 71904 33567
36168 70982 71566 19302 52956 78918 17845 81440 78569 27347
42125 48519 43410 87502 36028 86738 30298 24718 33561 27230
60445 39820 29913 29513 549 46160 38648 70299 76281 36600
86888 50521 74363 73544 43967 63999 40077 76954 35035 79043
37522 36512 97181 78509 84293 89378 320 11864 27486 28351
56305 99096 85455 76690 68399 26117 32902 78338 60238 50628
17753 14843 20408 73280 77462 29410 37422 49886 97276 67721
70657 72550 25499 50166 20794 57873 43238 54802 31578 19593
56432 18834 33317 10564 99365 20698 964 39054 55353 44227
40651 61219 74985 45467 15862 75822 13154 42759 96520 99128
77805 33896 22307 65448 61907 9049 66837 43130 53621 58529
67215 53586 88624 47465 80591 29261 45419 4486 55121 27538
82540 65159 11579 4626 81293 30938 36984 18607 97520 28485
72988 50108 45479 97274 73552 15815 45425 65241 42751 99340
998 66133 30132 28109 83638 84706 41746 46830 68365 36254
55255 95628 78974 48334 79190 40084 44367 42239 3548 62636
54835 37306 6543 23608 47753 23427 39723 32037 29532 3005
75374 23005 2183 36757 26340 84072 91655 76799 32857 56738
70538 57823 65498 32200 18540 6113 39643 63359 43195 88707
47530 2892 37114 27022 9015 48428 53671 18980 64127 75102
74914 85620 31700 11262 71270 24065 48312 75828 48679 80380
18098 37042 54048 88574 97401 63524 66481 21556 70026 44223
7427 87754 64569 5364 16681 29639 59159 58255 11779 9133
22660 6313 74208 33453 98661 14294 10368 77199 27966 60555
78539 58001 57219 35165 51268 16425 42412 80675 60723 33340
35366 23045 90772 14734 48993 61101 54114 52205 38133 2760
95325 41140 63427 24269 21282 51463 99762 21071 19449 24671
80126 11117 23470 11819 38168 30714 65510 68481 94248 42473
31899 25882 97546 5549 60563 50503 58163 72795 62362 95520
55611 88692 58181 91230 94779 52863 99270 63510 11963 56737
71218 62939 44069 98839 49872 77609 43885 37373 53900 41880
11713 85839 24008 42316 17547 94969 30809 16728 64291 84284
15939 64928 4117 91846 77063 18504 2379 56898 55624 6180
23067 60563 34121 70572 21528 18931 81086 27938 92194 47093
77920 52952 89720 82004 75810 79176 83546 74285 14002 96811
90508 64934 1825 85619 86108 77239 31644 43840 81570 11481
52204 78709 40320 41348 86182 35103 60354 20497 43630 68564
16467 97575 28670 96665 1568 52402 59327 1028 94934 95291
44852 51028 73722 15914 62808 89949 86180 35637 56064 99496
13247 53845 58974 96933 16592 11028 5133 81403 41169 24858
31812 28855 84793 60643 60429 1509 86142 22535 12633 80581
69687 77864 49165 64464 23350 79675 93326 45465 73466 81567
18836 38489 36121 86698 26834 28559 91755 79322 43050 98534
57066 99732 80165 95683 62739 80405 6165 20 79396 19058
24445 93308 32292 87982 44265 4011 24418 11269 71438 14795
89818 30996 52080 9287 62788 98016 12661 3607 68498 37454
74545 61556 27475 39736 48819 66711 16525 48872 5033 75520
80995 58714 88749 32071 76211 45117 39131 50805 46542 29944
8752 27072 23783 51407 98670 50354 84272 18177 95801 15641
55534 36046 86789 68220 94274 1575 90536 96461 78421 52209
97288 20298 93087 32639 38260 9267 56507 29812 93376 56397
53778 7846 70692 47414 55524 73860 20704 99177 80855 37583
86114 79222 58082 17653 1816 57045 63814 13723 92560 80744
12963 94515 39221 33906 19685 72035 86649 18340 88465 69859
99256 62133 48297 40349 83890 11247 99649 17009 79198 26114
2002 2552 24312 33035 65715 27363 5399 78145 46651 18264
41703 73235 9291 7674 88491 42749 27874 98112 75192 3469
47991 76263 26368 30692 7724 83079 32207 23684 70970 74817
43425 17684 54045 52142 11122 35957 63622 4821 69882 2866
17833 9494 92297 6693 52851 23307 81524 37663 30488 28616
2843 20225 99638 71093 11539 73220 58541 30205 64583 45231
24120 93448 68497 61873 9272 24759 98998 71318 37608 47838
93035 33866 11430 47919 41248 98855 43706 68190 32922 50056
12224 61316 86403 71133 42421 4 57366 57554 16060 74481
14674 69393 84025 48417 68097 75249 19639 72923 59527 17658
43498 77027 64922 41731 43482 54661 31310 56 41401 9219
17512 21081 74250 58902 9215 67131 85456 47250 70416 64757
88260 67161 77589 95081 74847 67957 18684 60827 94153 52373
36618 23324 18562 99731 2171 25918 85648 72395 91673 18081
2989 78088 38136 11630 30711 79184 89415 68413 55523 42349
96068 12716 48290 60289 1080 28443 10136 13228 54536 86281
76438 87986 79450 16887 64191 20639 93191 48318 32491 31249
36737 42036 58608 7693 24827 974 23712 64865 16642 59187
82678 62821 75747 35348 74574 26654 91611 76174 61229 60470
11298 17162 64480 95445 67000 8376 80398 3669 37324 48139
55942 4141 58089 60331 1487 32550 61792 9122 88445 63846
79840 34247 39912 83883 64916 71117 67895 82838 64371 76418
56302 26562 43650 51773 90556 41970 56831 27559 31680 39179
54321 5049 59959 62352 2896 87376 30435 83622 23614 10949
53815 54866 37655 39655 24734 96985 82853 96965 37444 54498
88546 75197 89493 68707 58921 41042 31714 17630 71465 80321
60337 68723 27338 9817 93994 28300 42003 20368 10841 5563
48127 37735 92889 30279 2918 56025 17587 57604 40026 48371
91195 37068 74934 98966 40320 7302 62518 33716 58672 5287
28916 97797 82459 41748 18596 28851 88911 27074 79886 26268
84580 24955 97537 24760 82974 99637 30004 49337 44128 27650
68447 64089 17163 65293 81923 53544 75290 73135 12871 40967
40678 37016 75814 54483 24516 22595 39616 19752 28765 59998
43935 94624 10750 90482 34342 57137 95063 31368 52248 55446
68996 52105 19314 47068 64758 7005 64590 51602 94570 41
39218 78239 48838 84701 29816 81245 14598 933 6445 9679
59032 22390 70361 52438 3125 81449 11001 37155 74640 89646
48529 9338 96799 34939 73948 70065 71260 38100 61287 65834
65580 12024 56492 21294 90761 53856 44442 26590 8396 33077
6207 86291 32173 83084 32534 46119 16546 78794 38165 38509
76734 4315 61921 72749 86682 46418 25722 12264 86327 89236
30928 95097 48839 47604 98333 99770 32282 67309 37575 78067
87212 44407 9639 54968 94066 64241 3889 53673 87188 82205
54588 26637 39743 8408 31967 1201 17174 87060 77873 23813
79865 9670 86758 4225 26591 93747 51673 26193 24857 62600
74197 97153 33161 99021 72754 37252 86435 53055 30152 34232
49058 53347 5172 63461 10433 62656 97912 11706 51172 92840
947 32770 62144 86407 5019 29818 2552 42130 17815 70738
23517 5702 13080 66978 81299 19821 21718 5801 97715 58378
90877 32855 15369 33072 15927 66687 34641 38311 91995 19381
67956 64231 64970 80980 23504 39391 4649 11087 70217 96067
91303 41075 80621 21614 69166 34605 62855 35218 14144 67571
5660 34164 78225 68218 42251 95946 4139 2133 46208 18801
48378 36612 70380 35491 10548 71513 80855 98456 62362 72156
36336 53906 86637 17080 62760 18906 36955 44444 89845 32170
19830 76133 48130 39924 10124 77565 38077 65128 55495 51176
962 63299 80635 45082 26069 76521 74174 56144 14100 29660
79751 14843 4201 87276 44398 72845 49570 67696 55596 83548
32135 7264 63470 3854 38304 85066 59381 72877 58048 34657
11655 70664 86639 40090 53328 53071 40118 61063 2412 99638
59820 59020 19851 78814 19862 74974 94197 40978 86126 28228
65997 65496 79435 41196 36744 28345 93082 95739 55742 7537
99943 93475 93348 85646 8582 96357 7912 25385 29391 4659
92171 76681 34758 59149 73397 50039 76781 76820 71335 52233
87090 51813 65172 31596 66213 6915 39698 41596 75142 61636
19070 87500 93200 97030 23095 89860 49889 53738 63922 74420
80523 67208 84730 73941 82784 18313 2029 86773 85047 68978
76106 12775 52845 52201 44034 94423 69301 50101 6952 24185
17850 3499 36385 28180 29385 82841 60150 6125 7065 25708
3030 69132 50686 24526 7086 58272 5301 58595 68164 66614
29355 30184 21197 38683 37811 76401 76448 57355 57116 37321
34881 82619 89419 23180 86548 44270 46539 16986 54760 66782
5183 59536 41707 96625 25506 60769 79937 60565 40634 22156
50199 31823 49279 82874 51933 98011 34615 1812 15086 99358
34188 70884 88058 23726 584 59919 400 60322 94798 16662
52099 63172 68966 5681 96340 31008 10144 95999 85673 13975
13272 19149 55435 82783 17936 1258 11111 35425 81038 72412
30865 11626 32261 71982 9864 51073 98518 82943 72842 42059
25426 84021 50336 22756 24980 4579 66100 54671 42763 5202
6540 21194 34022 86236 15075 70677 5966 67408 84168 59011
91938 44383 67674 15130 16325 59698 39093 86407 355 13454
12085 32697 91284 11637 31701 63909 18022 49741 79621 71150
38589 9969 41205 51176 36789 52291 10343 69224 21881 29163
19469 90446 94948 73596 33327 45501 50631 28346 5423 91689
70644 35323 11991 97730 67418 91823 47987 50077 4661 16836
5873 66346 11891 1574 67405 54797 712 76175 60505 41582
79347 66870 86815 21293 62783 29653 497 36607 10437 13684
38842 14059 22484 52186 23637 74434 46755 55215 55657 54300
38455 13125 67711 51625 76842 9103 8480 90354 93727 95375
61314 99773 74536 82003 41506 74704 7109 66574 22873 20087
77755 82426 59553 60910 30031 96626 61099 14640 47738 15472
64492 54999 74666 39364 70463 60361 48140 76850 88602 10293
11449 28334 39531 59046 28760 47222 31874 95231 57706 84563
472 9492 64052 58805 97237 62521 21615 82251 73216 36583
58071 40523 40773 25092 74347 62850 40487 83599 77833 11922
19221 26361 62399 38738 58004 49383 29684 286 55590 71219
5812 40312 37535 41316 71524 15889 94936 45864 45687 40385
25291 80242 45113 27455 49007 70621 64053 94323 68720 78882
30260 11547 21338 80991 10655 67730 71034 68597 83887 83011
72422 28157 68960 72227 33238 11971 69741 17189 46977 34050
47211 99621 63774 56666 89835 16903 57004 55171 85139 83322
69344 10350 63538 55654 44628 70277 40855 8486 33115 76154
31124 51454 19830 54258 91143 22506 45035 20829 37680 36866
87383 68049 41531 80404 35966 16748 24292 24822 73802 90475
1911 92597 44219 35398 2738 77009 10529 95145 9657 25270
24368 84884 61572 66815 81410 50658 36071 33745 33193 77782
5207 76965 95343 88055 84048 44335 39665 26533 91602 99569
59418 29369 15584 84238 88479 67949 26088 60766 95868 82017
47911 72543 28824 41342 66346 67685 37960 15741 99109 27727
94191 95855 27580 30555 78929 49624 46321 25080 53303 57747
29383 37559 41084 92887 8438 79564 43942 26912 3312 28541
89934 67232 41183 14044 87592 29297 48132 73781 43711 17628
12754 78235 89212 79370 72580 48508 90421 56512 88820 70301
58962 44903 13450 31694 36632 95714 98926 33449 99961 61701
89129 84523 17309 41371 95466 42391 52978 69265 58054 20655
50037 8189 6133 59966 58477 64593 36438 68254 88036 90758
70448 89005 9974 27167 26705 22746 4099 10812 66956 58346
4008 54092 80919 59509 80 68325 42142 4339 62366 89511
49806 25608 39863 19409 62864 29103 4830 83543 51302 66188
58242 78882 95749 49838 4378 98266 38613 88859 55270 84330
57957 77602 93957 89118 70976 29463 30552 40267 37520 7776
68291 1140 73835 21488 66747 40649 16728 52105 34601 57199
36877 64487 90672 27017 89181 7989 423 43546 38211 75507
57274 301 71376 93206 45138 68994 31857 86005 51159 71966
32909 45130 24457 31683 24392 5370 53437 50647 6698 25576
56540 26250 38134 87460 93642 22987 50550 81314 60270 16633
35963 12385 50250 28202 30965 22676 1160 69004 84426 61944
66815 33261 4451 46060 37956 4334 22059 11193 41923 24174
80764 41174 17804 64104 64802 59558 96380 82278 40835 69237
53730 38560 53153 20207 32522 32369 91028 65833 81274 3154
640 53559 90981 15151 24092 43847 41880 12376 23183 64345
81958 31626 96086 58057 51788 16787 89368 31982 79809 33665
28617 8090 921 64659 76988 89502 45865 27943 1502 59819
75373 20815 20294 27506 42113 46676 43955 48827 8931 32776
71558 97051 42957 36341 76618 17691 44409 36383 55377 36853
53074 6343 74744 27384 17812 58858 43081 26994 51712 71794
3946 27598 56809 31299 26804 93348 70885 56590 65448 64247
7790 18046 38327 15809 43496 79140 96403 70532 3460 80729
70746 97628 82565 80903 17023 59898 98938 14639 19024 19292
30804 49013 75430 44171 5619 52499 97637 5658 11375 26753
35778 49970 2320 79093 81553 48664 87821 49827 65066 21907
64898 94564 38941 58269 24366 49895 32740 42426 3362 41684
31388 48530 2540 176 7915 84940 90436 3482 33517 25106
88562 38216 10522 73110 87618 29284 84248 9055 44210 53950
96793 56069 57061 11640 95877 6264 13737 95619 88020 32272
99275 59995 9196 60002 97551 80374 35305 72081 12322 64486
76343 4935 88774 58684 28045 83737 60483 48315 86210 2547
98390 65548 42175 75019 81960 97259 92964 26869 50815 70710
59432 96844 22794 25687 66151 74340 86646 23703 84649 13734
83298 65503 23757 12203 7541 65090 71404 96294 88176 10456
86961 71143 95214 42344 47427 3657 20445 8221 44434 21971
13211 48317 76685 93400 50278 882 39142 43247 32347 1613
67726 1765 42621 40605 76805 15615 58165 41254 96341 63506
55080 6531 84912 60051 58142 62932 87224 11309 34188 96786
73287 47542 33763 61972 91567 60569 92025 504 30539 90817
7201 62800 23214 61098 60627 13312 85759 8797 44044 79127
18674 35441 66115 76416 48602 19333 27131 49008 87960 20901
99928 18965 96095 61819 19059 84656 76818 9951 62668 79465
59163 25667 90144 55856 31676 90300 29639 16062 15331 50760
39947 76309 46669 25261 34497 58694 4023 20914 15664 3588
45018 82225 98199 99676 75132 84798 92218 28424 9059 24321
81169 2689 44563 80830 52482 73302 62473 53485 18395 81944
29908 68943 33598 82310 62102 59782 16023 6304 74850 13253
79991 35077 82811 44884 20846 86381 70753 36316 17600 93861
30179 54005 65272 25282 82177 10717 82835 78988 10208 35094
12937 70963 57780 59004 58776 63522 38276 34319 48077 1882
83536 43076 97594 95295 4443 9726 72180 18341 94994 56587
95373 38730 79527 99392 91298 80149 3566 23114 13977 42689
73089 58647 20299 90129 92460 87157 77157 83393 80181 98374
20986 19849 13406 54963 36380 32383 67363 67282 22106 7023
57897 29741 29497 67473 50089 38116 97582 60032 81760 97191
50505 23608 44066 79157 63567 82866 84271 3203 80844 99376
46041 66434 40363 24745 93978 68166 41865 80498 10693 58716
13365 10520 55265 50585 31523 96652 58535 20024 17104 49801
91062 65844 15756 95431 92975 70619 57100 40975 19927 78632
2956 12140 62083 35492 84496 36961 87117 70277 35726 75390
46125 5907 61069 10399 8902 12113 90284 73829 53719 29593
69491 91798 51619 51375 51770 40256 58452 71536 8267 1640
3100 48620 60762 30855 88629 61717 47180 90754 43450 85207
82786 32310 12209 72726 86769 70571 55220 44450 47865 63056
86207 11764 37694 13408 18397 21940 3747 55127 76937 22921
51737 11344 53105 75907 10951 49609 53585 51397 16387 59607
94668 98400 74384 4525 24892 83624 769 60690 96511 61238
44274 42291 39195 83616 78639 28159 60803 39271 85980 21933
89358 55924 3033 59905 12185 71432 28244 78010 53885 75828
64138 64457 88566 67615 4291 51265 74915 29986 3890 85017
23619 44778 12656 66834 21161 4726 76464 37730 74441 32365
23348 37011 43103 51936 86509 60174 89097 38613 97605 90687
63308 59145 26084 48562 25994 18297 19664 62323 38089 8708
98130 63311 31710 85028 3557 66786 95446 32370 94980 4380
30101 80473 29778 47411 27823 9847 63916 35726 85864 54219
99328 10097 76895 86012 65816 24982 93277 2540 88930 80223
76592 65965 28234 46633 21334 47025 14524 58821 79361 77373
89422 13543 99770 44516 34210 20769 22017 38822 70939 57341
92583 78815 27763 40263 43212 91969 93159 52942 91403 40429
77901 1193 63942 92980 14638 50698 68461 62967 50592 40873
76769 17611 74431 98899 42563 30973 65920 41167 96480 28272
20682 63464 91191 29692 77756 33988 62070 37228 16588 26631
91270 54990 38317 91385 93885 45723 17876 13654 17682 81189
59623 70003 28218 37931 53151 63195 45027 14192 44480 41885
73072 80068 89416 7844 62866 4588 52446 74942 54338 90112
48209 90665 8660 29788 28884 17013 79989 46610 16544 7099
37643 22540 30379 64741 35146 50021 93088 98358 47036 11807
9858 49726 21240 72520 73056 52628 63736 37781 85947 5246
53110 47656 70662 13403 65108 84439 28149 28298 28125 32010
37728 58522 12188 27818 81457 96995 72406 70637 66724 16636
97589 47791 45069 50154 14928 94687 36522 20478 30466 29506
13887 20572 87192 60111 15944 94556 75374 98637 85928 83314
38634 86769 54699 40053 3976 40823 76231 45479 66940 79094
22232 80523 10215 55247 67166 34187 7500 18176 32696 26878
28905 30042 42062 21180 54015 79721 57131 33242 37183 65056
72879 53779 11163 86330 57151 9261 96340 84147 75629 24587
29148 44519 20213 67072 31352 93118 40924 92538 10336 61718
56166 88577 91229 48229 94065 79836 92522 24411 46015 311
55569 16043 45153 5737 47636 91463 69654 33850 66237 97021
16985 88242 43899 10077 79220 63067 77352 31664 98888 20044
45727 6212 78380 25473 3578 78685 10033 73698 7760 15416
22450 16256 75916 88735 65589 28288 21031 64362 2297 64925
86879 83704 61868 80821 21112 22521 36743 33466 912 10584
78180 86301 35057 91897 81636 73217 77254 12083 47107 459
50352 15207 54547 86487 43092 81608 24308 5491 4208 16598
68876 27666 13210 75508 56144 70330 93364 21237 10231 54620
43447 55350 57953 12429 52283 11611 29545 91030 89618 39753
17051 88605 56867 3441 43215 84225 70402 85988 75533 73582
70674 79617 70719 57263 1521 48409 28606 92592 10352 82885
23455 65687 49278 5882 7317 50532 12139 18283 52240 71940
25922 13735 16799 28728 16006 76147 12449 41156 67420 37164
77879 25444 48348 91888 83868 47685 71780 46628 65322 48428
99818 98909 33975 6917 3176 81151 28282 31971 99440 63927
22541 54277 112 256 36637 43234 97316 85582 14276 65639
68549 29870 50574 18737 21928 98116 29940 46621 47322 58717
3369 14678 82688 78934 62604 52589 44018 16778 36147 15019
12907 64910 87148 7240 66498 47558 8483 66923 73837 66111
56807 57284 81068 82799 63053 57698 78099 54021 6764 35311
99684 97285 15531 41311 50238 63462 14987 34077 63548 27622
35623 13793 86041 35304 70457 86897 17597 20946 3695 33451
49521 87300 79056 10681 19656 18045 5286 18597 19467 42187
9668 22748 61589 3627 27079 25872 54752 26424 54356 35268
67585 88434 40384 74878 92992 46274 55117 78901 84692 42131
95175 24484 93419 11824 86593 36186 97050 8900 86519 98726
64047 36173 8355 28173 55797 12507 23447 90565 88063 51955
14395 86937 83157 42765 45760 57365 30017 7034 16110 45712
304 5615 86009 87147 62247 26801 43556 91314 69672 87621
55868 48727 42699 45339 33595 20240 60370 73519 30350 26230
62736 39107 92600 22080 18900 70196 41424 80440 73121 57972
62837 95585 31970 73222 33219 14824 98329 34081 83753 86917
35794 98711 61615 99239 56435 54633 2003 36892 19543 79732
60324 18874 55551 47851 27285 41193 83690 97332 7851 41037
93334 76170 73435 61420 83661 55780 57671 5961 49737 489
44260 30759 80126 20771 75869 9898 34318 20416 9835 69457
32466 66857 22039 4976 93022 73690 74755 14692 7807 80934
11327 4775 2146 4578 29851 71340 9407 96037 51530 51475
70169 46688 33429 35376 46204 21852 64884 29207 40674 59168
32407 65326 1518 99594 10249 30762 6712 58043 84892 92385
76884 34569 23518 14864 57635 56402 98419 21830 79266 63727
83042 67463 8221 38818 90537 73171 81949 6569 40246 4853
82447 56290 83578 80451 10414 81023 34848 45701 47673 38856
79318 24644 58712 78864 79933 61875 73269 17051 50630 13226
69264 40017 56456 62417 37918 72807 51212 44355 77928 87279
95411 17291 22227 57197 28960 6146 87300 98248 88624 8111
44448 63343 96998 70649 83108 6928 71086 41055 32050 96657
27556 10786 2028 11042 51987 8942 95614 53166 30425 64168
96764 92169 15559 53065 96767 23835 43218 29967 94574 88771
15754 4736 4598 44243 40683 92909 61342 82487 7995 92338
75222 90156 10611 65304 83648 36291 54045 48188 40218 23709
89732 87455 58025 69254 55127 99135 50088 56966 22767 83075
12891 26653 85055 91987 96488 97306 44662 79857 69644 82474
5202 46732 60611 59613 88162 5130 24397 57585 70812 18058
88699 71047 34880 16501 8689 13014 65841 59241 24320 92453
85609 80973 87330 37880 8442 918 54348 71139 97266 50479
64526 40151 19977 21363 98695 17950 23894 13939 14533 12200
99845 68880 43073 19730 88299 93752 24152 98055 5942 951
72538 55042 89524 95106 70416 31808 47791 76144 56508 96522
53845 67568 24447 966 15642 4111 49515 34731 41597 43867
96708 35360 29668 47928 20 4314 97246 32634 65113 15785
26456 55870 85527 38428 43199 25898 84543 96993 68509 85558
48942 29018 4121 58784 46174 25414 42588 20320 42229 16547
56687 9865 39861 92927 38453 67579 61611 44536 40658 24730
96802 55884 52485 2020 83847 67826 67576 65097 6438 62495
960 67794 41947 661 12056 88003 84459 21045 63027 40421
59468 63482 9116 29649 73135 6888 17895 24314 11309 66593
13006 31702 33534 69113 66078 52690 95693 90676 87033 20598
39690 56003 7743 15543 38609 30225 5699 79399 25433 8645
61473 71406 22204 1653 82075 91276 8934 67944 47075 79622
43939 24461 14866 57176 92507 2346 45478 48259 69161 74844
9191 80569 16874 74788 98734 99274 58464 10702 45285 16155
79200 87916 3191 680 49618 79687 65724 78230 83264 82040
29130 37696 8464 7949 53152 54131 10916 69420 97814 72630
23543 89723 26883 9354 20050 46046 49118 18048 64351 8004
74431 15182 77815 46114 8181 19457 33240 83699 77274 92346
42835 4588 3649 4880 35327 27632 44356 90676 7333 79500
95764 29087 8538 34628 46001 45729 82482 41694 34301 47096
67180 92234 20791 63343 95473 3098 24095 82391 2964 66418
67418 82143 72259 47787 51654 75299 46042 98731 34560 75288
97038 79607 70230 74156 98870 43822 20183 89766 91126 85857
38594 60572 40286 86610 34698 12108 2722 99678 2807 47134
92847 27536 96025 13383 79460 89750 10289 77453 40721 10880
69205 94337 1147 44832 53912 78902 63844 62861 34273 24809
28476 85171 37705 91407 98021 14203 55957 60030 7175 75512
84268 16293 22739 2605 18793 60065 30280 50290 94804 35503
16384 50944 49360 95180 72189 79416 27892 50992 86627 85035
25166 20177 49088 24952 20438 67205 21351 19698 50866 68280
96463 10439 30737 58912 89924 81061 52047 67903 79243 71466
37952 44179 58250 68430 3262 12009 802 29367 37149 33839
74206 24472 68254 57793 53835 77918 27508 51955 49101 18106
44118 41340 78500 81322 67706 50496 32190 26679 23695 4864
94545 83667 43909 7228 9338 16399 65386 92681 65781 24816
80299 68476 41598 43012 48148 55571 4025 21174 27235 94473
77570 62577 33435 27762 44582 67054 83094 37197 89398 81263
97766 43662 52069 12035 5883 59984 15949 10593 22566 70140
42380 28594 9376 48778 55112 28863 72099 1510 91037 47758
63792 42242 41485 97907 74920 89623 39148 41641 33151 53547
78457 81381 12507 425 40264 3708 36664 38719 4836 5195
60721 33540 36081 98886 80234 77223 40543 57594 47713 76240
92907 98524 8844 95671 74552 67986 3249 12112 60671 14927
4450 75376 15039 34444 27557 46513 29234 59702 37453 85734
30098 70090 8207 49821 60886 43297 97735 56991 54419 42120
35474 8198 54794 64128 5547 31796 65886 17716 95747 16416
40042 3529 5662 95981 32843 55429 84543 74456 79737 58031
13813 96662 96808 19940 31321 7860 15404 85781 34758 73396
10897 12204 59030 16533 25619 42205 41580 82006 85513 15979
56164 94232 63692 72268 56780 94116 14727 92296 36862 70641
25729 64363 34059 60919 50001 10953 91907 75828 91626 66414
86386 57423 10156 68690 81834 96649 15873 31923 3077 52455
81283 9062 50916 46412 34537 82216 65459 42175 14275 67361
41111 24348 72857 97376 99534 82343 39442 1515 47693 42494
19270 32207 2749 64803 78492 13236 14504 74275 95392 43793
63304 18348 73768 17616 47041 56591 34237 50736 55736 51641
99715 94939 53799 9375 38692 45378 55881 29822 80097 26653
48137 34332 84628 73355 11288 67356 24889 45079 28809 57865
91396 52203 92118 73349 81181 11876 85023 177 30498 47973
60681 22708 93809 89892 32656 56616 55552 62088 66066 61135
7185 38037 40159 90411 22760 83746 2438 73383 14391 5914
97686 59738 2664 926 64606 15766 65723 78904 52059 27341
88935 77627 54511 65823 61039 63790 29810 48575 88888 15984
61632 89045 81059 71125 4246 52805 80598 98654 58483 28135
46872 6601 15274 5375 76107 46228 61795 34158 21581 64387
89349 66744 61370 51254 12509 62480 91104 46459 95407 22129
81047 12746 52794 67039 33661 2744 37027 65997 69767 15466
83189 47997 19529 13541 26676 79483 50607 23129 52853 16991
92967 79820 9940 95193 27259 91882 60837 90769 33701 4501
63141 14662 63613 48254 93541 61442 18908 49389 12201 65936
30970 70341 19673 18817 85959 44930 72239 70353 38899 24817
29486 18273 91712 89725 47333 37615 67396 169 84463 30542
50187 41543 66691 1109 35590 95145 40332 35437 14146 97295
32661 49690 30284 1813 16572 65604 59877 25785 25578 73039
50649 87899 53177 3251 90204 50327 70286 42600 37332 65262
53575 94980 69825 36634 9501 19070 35429 5440 28006 59471
44444 1505 29205 41492 80165 20429 4358 14642 86434 97124
90400 39508 40366 36056 51482 37117 66215 40562 32633 40366
14313 953 74691 42217 58632 32436 56791 5953 25273 16039
2596 67756 32660 86631 60119 11308 33932 55164 23970 62490
71965 79654 109 40050 87138 27841 73760 52452 19831 54110
88856 30452 35721 42145 37911 89306 88730 49304 75289 7869
13921 17102 31504 2374 27277 21781 82380 72055 17865 86778
63408 20722 74971 99798 28852 24163 64431 54244 92918 49948
26666 30319 32654 3696 3148 79424 52662 33788 83440 99828
64647 94230 74441 14315 63304 83402 76939 46439 75853 18762
9565 80742 8789 28598 47584 81302 15268 67994 53237 14732
64024 55213 27599 75130 15042 74 38244 8978 53680 61371
89702 20979 83302 33611 78009 33236 44820 6355 81081 42336
68248 25901 20308 80871 4785 24333 89835 58508 99800 23738
14103 85426 8291 76186 2739 12221 9614 13259 90452 13923
94557 62079 45018 84709 57922 41419 83761 18475 64978 70419
32488 77121 81165 79011 71821 22250 85245 59476 53430 70812
37554 93894 71285 93572 77637 19902 59349 15192 41984 43582
23943 41308 97356 68419 30638 16333 62740 93038 73059 67200
25097 25228 27636 53434 22907 80339 42864 91062 46776 36708
17261 37798 15265 66601 81974 73862 77340 6581 96326 24980
92162 33842 17142 71928 47625 18868 11022 69213 44998 6474
19702 666 41516 6956 95357 76994 47969 17147 15859 4749
18249 62540 57353 29782 53456 92342 84737 37171 14460 37981
37734 15884 34931 21192 26956 86079 85212 57669 2350 24163
79051 40124 86866 28687 33372 5013 82609 49434 3178 97465
80108 58018 73718 6205 23766 90885 25844 63605 73444 42840
29022 49655 73031 41652 32357 29000 26849 1514 87227 76159
22667 96409 43631 83930 50765 88040 80187 98516 89490 18709
25629 27799 76041 22409 1021 86687 37669 57731 80869 37170
14795 30039 17806 92245 31254 65087 38435 48854 87545 96136
8198 7618 74610 40441 26566 26229 49397 15920 16763 57437
36433 21369 27047 71696 5204 45952 7250 55170 23632 8389
15139 85688 91541 35589 6432 23574 12178 86006 4775 27140
18671 3306 18624 37631 53570 1248 91955 20188 67922 87167
95947 84761 20280 51734 91551 28989 22180 96095 20560 16136
28426 62904 8637 53356 30382 94530 8994 68835 55878 78813
27355 68999 81069 87074 22880 57600 12571 84600 21017 93803
50683 59250 67140 99248 3835 55398 6715 65086 26548 86408
21713 62942 13188 86324 63761 83903 45451 98414 6180 42901
3482 94559 90466 768 36212 95156 92299 30375 41740 22059
28477 9990 34388 10111 15781 10677 91417 29146 50806 54000
31918 13093 28926 84912 37269 64647 51364 2147 7362 72349
611 34672 57618 32162 38001 25015 8771 25987 74383 24973
52922 85092 44968 13909 22664 23769 44136 27777 90922 92633
71735 59023 79975 28919 67569 39933 88120 62947 27156 95174
54588 37649 81198 94094 7079 70839 74645 35179 50434 15069
74485 5658 31622 87073 66175 77426 4745 76263 1956 19555
51713 72504 59296 38258 80064 51829 72764 82963 88321 43410
32945 78905 14273 69871 90273 52497 2995 71896 45896 94106
55299 66601 20571 96980 3990 14123 66283 38605 98325 6386
66359 9975 77779 40596 38327 413 76561 97546 21115 7203
9438 8689 5859 3768 42216 27366 16233 32035 96594 29287
61335 78634 34325 43442 51972 89757 58940 3956 51006 28765
1405 91112 25930 95803 17623 258 46265 4377 11521 46671
95753 46595 23141 23352 77372 92468 37563 40321 93531 91315
55935 57344 8672 26053 11697 38309 33999 85002 62152 78283
73357 95874 63618 46500 55898 42990 45429 3143 71227 83001
83755 74161 9735 87303 8356 49244 84515 38749 8192 76750
83674 93138 82304 93859 20682 79969 4556 32029 92946 90254
59367 22093 2226 80439 12881 82007 43951 62751 83584 73738
20167 92696 22082 527 68334 38650 67340 88162 86386 81429
51666 24805 68560 21561 10865 80947 2398 31769 57579 10749
70343 83928 52491 81132 33462 86617 35816 22063 14423 47034
92167 22546 10892 57971 45016 83914 49114 91231 53186 70985
63673 9901 16371 25716 43650 96264 59546 86727 21476 99056
99148 7004 81218 31635 30757 76226 49065 65961 37788 27678
48070 38013 45993 44006 70373 14736 47002 24573 63776 95537
5554 57908 43119 88052 61 89467 79381 36942 14481 25
12592 45758 62739 72326 22750 75835 51577 60189 14905 32402
33992 99031 56645 7028 23013 13625 69337 87321 90660 98846
86716 74242 17718 76374 37622 71746 23708 36546 26633 67417
23476 53775 2874 32956 89773 36070 56765 44272 49898 3490
40509 48241 88378 27337 8059 35965 21222 29804 77077 67808
67114 13396 86068 9700 53587 42012 89737 89446 78892 1564
99886 22267 93499 70507 67715 47884 66592 90836 69650 67068
73064 22898 8404 3737 41801 48560 95001 7852 80261 90316
85094 15829 38214 92780 91622 93153 6192 4335 30466 87541
92615 64608 33983 49865 23080 26200 55844 19830 35935 54122
7796 92597 14090 91694 87962 66610 18487 11556 76708 50885
43651 68323 62552 18716 30444 48197 48701 49106 32712 48776
57461 16356 87674 62459 28337 6882 28653 36839 75859 17330
43817 29249 16641 84959 2148 12142 72142 83674 65376 98473
79519 99982 97930 83176 21393 55795 36786 39278 96750 40264
41758 29305 86564 71319 42991 67672 45730 47975 50757 31251
59329 9393 75667 44458 30717 26976 63084 60222 84821 86716
22665 12860 7920 55507 44157 39083 60937 44018 31244 56773
1113 17030 53510 14098 69252 907 55401 96683 47140 21246
87570 43962 15078 86757 14242 43754 34706 63900 18039 38606
86904 19855 46494 18782 40776 86443 97527 87670 31227 54172
88459 5121 62071 88594 99 96115 81869 19406 5783 96352
88975 22914 34657 72784 24443 84306 48253 20085 65536 58606
19089 31747 46665 36724 37938 58873 12015 91793 14769 85941
19621 4856 30791 23517 91587 90371 26228 71892 1909 74437
87186 31015 14189 44404 56069 11891 58550 87837 60407 56920
85684 43618 77987 33123 77111 56049 82041 89175 70901 53920
45135 56875 84789 24000 9325 75841 58928 12967 561 94200
73727 44023 23693 83951 30409 58565 68849 61139 12977 4548
46061 88868 62852 31069 48720 10716 31177 51525 68937 73668
398 17810 74224 47844 12068 28697 71792 53287 40904 80642
7922 768 3490 7730 84761 9566 43758 15762 87410 53327
21596 4779 52180 19546 43529 15520 58511 65990 16884 97582
19779 612 83544 68860 98053 40611 70191 54008 91843 83263
35954 11837 75326 59640 36018 18792 99051 94025 15790 82211
39354 92782 44657 72142 30883 61085 72401 99841 79754 17262
87673 18889 77961 51096 93460 91036 80295 32043 70222 61577
15473 89979 29522 77603 35754 5680 72887 38969 48354 74026
63357 63092 33411 41015 45983 62899 37146 6915 31000 38446
77346 92970 90232 72734 45695 61226 53403 11847 11483 67404
70619 33463 50418 76687 93621 62911 79524 11957 65290 4437
38383 97885 29361 61253 2248 59138 63545 13984 65171 77459
3406 4689 76829 45850 52835 98313 7740 11505 9139 7590
76956 60272 85369 26558 11757 92807 11715 6835 23159 87514
41733 72977 30043 34634 20337 58017 63953 36564 18410 11544
53092 54029 32981 12319 58988 97857 86615 87290 20521 85214
7380 34939 96108 19486 55294 88447 76753 95339 3726 61762
90859 102 33833 37023 20792 70704 21376 15041 62346 25321
2671 32129 30045 32091 23952 91277 85789 90200 21990 65343
63514 69869 40905 5090 16305 99188 96265 90169 56227 84114
85239 44864 62962 16668 79157 77245 94562 2755 31119 39085
90793 8941 45056 60605 19910 7888 88510 748 56262 85298
25686 39538 46848 23112 61312 845 85484 74487 42544 1796
75306 67141 39655 73882 10001 29924 52281 70994 92443 11790
49853 4580 77164 41706 73398 28248 94710 10490 82464 60411
98416 68580 38145 13703 82719 6632 91965 43489 5028 28683
30448 16065 9936 54580 67573 48814 54639 77697 59964 22229
55634 58921 88249 95574 30185 57827 26987 51261 9682 6609
4511 72110 59180 16035 7621 12891 56326 71231 64804 70042
50076 45655 59397 98809 24634 56266 93369 35893 73159 63730
76990 98867 8506 64269 1974 27977 34095 87128 44889 13268
9316 75269 83088 21523 34019 73855 49610 53054 3070 66113
95038 62040 38106 19244 6164 46382 60194 13020 76394 33422
88616 35424 64325 55607 49978 17870 4528 20940 29102 21700
29658 68123 14105 87700 89398 6962 81159 1684 38522 27502
10009 67008 13286 9801 13587 26032 74096 54358 96773 16043
68479 53671 66543 62066 13088 9437 74445 73943 98465 32881
65439 66238 57092 77572 88355 65646 55698 40538 65733 67476
44182 80937 41865 38647 50491 18729 31459 8097 83275 40657
97329 46538 36678 90318 83180 97415 41085 36663 30644 74454
50561 67647 87317 20113 31397 39463 22081 34820 25229 53479
74553 16587 28115 30546 18125 12407 87516 88762 12470 97101
99091 20301 29470 97287 74429 32976 80648 41689 6524 48199
93254 2612 71941 26126 73551 49861 10086 85679 31114 78234
90906 78581 28830 2119 56899 36752 36107 87347 61210 91541
51361 14259 53311 22947 56320 24578 34471 65020 88565 96531
9436 45948 61149 69683 72938 73053 94657 86245 19654 8943
1690 51476 82846 13286 90351 50395 61453 50052 46665 24292
36250 21799 39669 40046 65089 93796 91660 94804 73955 78398
68486 22503 40097 14229 94183 38982 47637 26806 28709 70161
89881 85889 40308 67445 92826 86507 26756 71455 30057 34773
97246 54847 10299 15061 66828 96804 45621 14 6859 8881
74069 25430 4149 21551 15145 67412 57519 79454 73497 31779
82015 28634 45078 5305 13040 78962 9631 79623 93179 80220
75616 1552 84235 31437 84613 51117 5132 64932 35393 26041
67361 87634 19029 80631 71688 78163 79353 26064 93461 78455
31200 85110 74909 44691 6991 95590 44211 10589 91549 92340
13056 87280 46347 16603 68663 79568 36731 52047 92068 85139
25378 10684 99897 1479 31451 7911 10568 70519 51720 50589
78215 15283 61544 13488 59705 25011 6059 27646 48373 12085
80496 92261 3647 93415 90432 45230 6160 85943 53801 17488
78253 42765 13096 35522 19367 72202 21639 66729 91544 15729
13290 28328 29352 77747 59685 98313 12731 30514 97218 52963
71546 6636 62161 96890 50033 67297 88387 25483 53460 79196
70484 17397 44310 21744 31765 15153 2126 90096 29715 96057
95106 43910 44314 56788 22367 70819 50647 8263 82439 43823
9206 41756 61470 88740 77593 10328 42988 42113 31713 60708
72422 36881 93166 8276 79556 68222 73607 5541 17631 48390
76164 6047 86243 91310 18038 35613 68130 26374 42645 19401
20547 77724 77244 75042 49385 7553 10238 74983 52553 53709
45718 43528 62266 51033 42322 56086 96935 29852 62277 87381
62187 58664 17910 35533 28779 937 68015 21923 74354 21233
44564 69513 62480 84501 4486 99336 66602 58994 70499 35147
77149 84127 40737 40363 49163 27436 19038 32932 9295 710
83183 52385 57626 94897 24655 77402 48701 64038 67239 95759
36 17212 71874 64765 24636 97003 97650 39933 86541 79860
62413 59309 9215 23924 7378 48235 71314 40773 86677 79022
83454 40141 66146 50487 33978 94958 27414 74873 80511 63152
779 87660 23892 77861 68170 12216 95421 55956 21598 36744
13387 44367 4642 31072 29313 97362 58633 34278 9766 56559
56722 63563 25427 90731 76512 19313 45988 42908 51836 94449
64013 82323 97301 25651 19440 9656 74928 36151 54391 81776
41572 18816 50627 44113 43205 81480 85416 39266 83567 91008
73102 48665 98142 22356 68930 99822 62676 92230 67486 99853
11931 67652 87888 5437 6183 19585 72685 71318 82270 84170
468 31672 52912 13626 54944 75300 89398 68572 28349 89633
9168 87218 73980 96464 7359 27413 7370 64755 14761 31732
8373 97416 15772 30778 28452 21324 5358 98784 53367 79679
14103 44013 21779 97747 93726 37105 83900 57259 76773 94555
32896 78893 77245 18189 19802 51852 77799 49275 37396 92031
9610 41841 42620 52497 24453 98293 36470 44013 71994 93104
30962 38445 37546 39100 57497 10508 52120 80248 67475 39218
65619 62279 1369 69470 66782 60988 17880 53251 7757 48727
16075 9871 51592 44160 75642 52542 67997 82463 11797 60105
96055 97637 47104 48233 43726 53079 35112 62461 63663 13304
17388 99342 76588 80145 9251 2745 35854 81074 26966 31758
68205 21583 72849 77819 11962 60836 19475 43438 32583 65042
18818 17872 80265 94308 79632 18716 78494 32378 90489 25436
65471 85528 41461 96212 38813 25364 37669 76161 80935 29249
34624 72381 4093 63827 2342 77378 70586 80028 96373 72021
17213 18379 15887 35373 9088 801 35367 93639 50014 49304
26802 39696 49492 44651 8451 49025 72713 30855 62327 51969
85613 33849 66337 30582 93912 7127 40568 24584 35171 42511
50644 77118 53895 4785 79417 77566 9127 97360 6825 16806
75052 59762 64018 87022 62344 3790 18540 60777 43254 42359
81622 78387 47097 17696 36357 98178 19139 59558 14523 63510
12366 58997 3740 43244 79104 18312 44668 85083 58327 51383
93941 33329 70139 2610 64979 70731 98410 87458 39562 61238
10581 61628 20843 6189 52165 58842 16791 64447 26827 82780
40107 93837 95509 72626 84500 97333 40740 57285 12065 85869
25040 68138 74173 13924 97339 94111 4519 43758 35625 42752
15011 41087 72685 24267 32805 99830 96299 7799 4955 66494
44409 95496 44045 24436 39035 31737 18542 22008 28331 42423
3035 12718 46131 40158 84539 14948 12700 29250 51759 24094
52138 85818 82146 90203 25826 72625 6652 97046 18503 27324
95154 59805 12308 11852 69569 21600 82248 57083 28103 59587
53585 72684 32660 98848 75657 90116 88017 7354 9712 67543
74081 46633 2823 63147 32839 66761 9957 76333 79633 83573
93179 82827 40452 85435 87628 69115 63204 15944 80693 48223
86752 54460 22069 67555 95864 51879 23889 91909 72576 29203
65095 46027 89158 33705 12912 77710 27195 65982 42095 87328
44843 53764 96546 12756 23481 55038 80237 85473 67564 78011
16600 84709 93495 28489 62427 658 79396 18772 63844 73543
75751 59549 91282 95505 78139 38611 67184 69179 5889 15341
19326 21013 29898 97264 45205 85428 90284 4676 20532 81605
37437 34238 92234 29909 3971 49750 76706 97359 76253 37898
26914 71045 98494 64261 4112 59362 16112 62980 34565 10110
53896 34272 8394 45377 3257 20690 805 86177 36506 56529
23106 31650 91467 8564 22852 49311 50836 85126 10209 26662
58896 98941 18030 45298 29852 78358 44230 75215 76564 49358
24438 10268 88606 10694 38644 33839 82463 89108 602 33510
29334 2588 66538 75196 26745 92120 78150 62549 61123 10776
36784 91617 57407 96081 40111 21972 54300 92668 62658 91870
58056 14341 64379 20019 72842 18231 74454 82857 29147 3399
63123 23704 89060 49312 14514 98998 28369 75634 70485 98027
44228 51161 47769 72314 7872 27108 8116 68672 73841 40385
48379 25569 61443 87183 9493 45882 28408 47303 39290 98811
6007 43480 95708 83097 19264 9395 99054 12338 21545 25992
26581 78225 98551 4176 53658 24548 18553 95720 23782 1205
55918 39960 42203 24220 3915 80878 62221 34202 7329 7559
33678 90696 75406 17813 28473 67950 95111 75565 25280 77077
70059 3686 81202 8915 76566 88787 85633 10643 23146 47268
56000 57865 45849 90629 53330 61277 27423 62800 28529 4561
45391 12091 4908 78201 16018 68317 24750 15642 45831 58216
15932 69940 16344 5713 79191 29272 91260 96773 49711 6705
88005 65930 51399 14396 95859 4285 97272 78398 89271 80543
30880 90415 8429 42021 10733 84400 79307 25381 12510 70347
27988 90799 16015 52417 34848 32604 59529 39531 21387 44758
80897 1485 65946 21694 36171 66583 33411 59459 52054 18469
63035 97737 73219 49710 83238 59473 93598 32207 75227 96651
91580 49161 43718 2721 60428 1642 7864 65433 73388 22234
16215 68852 23867 21188 43892 808 84192 49270 43590 84188
94228 94275 59810 64047 92308 62790 93720 28629 91418 59300
41023 82674 30590 21173 77650 15167 88222 56570 72675 29797
48259 96800 93300 69846 60554 1807 45336 52478 14558 83011
62931 91874 62175 51747 81815 19194 54057 48210 13781 49547
6252 37870 79669 24581 30765 68698 69718 38075 92446 66118
70016 48668 14481 36438 92162 18703 61356 27778 81268 63351
94527 44009 54735 91139 45362 48549 33510 15586 68501 46847
10630 86699 38746 96090 6623 908 19971 64824 98940 53730
84617 79110 89353 422 16949 72406 69486 44487 36938 3093
50150 95179 2354 11699 78115 98956 90022 17272 76358 73305
51724 8467 43539 49310 20367 72141 24634 26219 30847 9826
40665 53861 61403 75909 4188 899 44733 69930 10325 30356
84732 89971 27928 44189 86714 52435 98717 66430 44914 93044
52967 74913 20240 14125 20990 89533 22917 59463 37731 98204
57429 81093 66903 20523 41514 22664 12794 99585 8861 21499
94689 19926 52690 77927 23809 4357 95916 91418 46923 99692
58435 38133 45080 33621 98827 67169 81902 95106 66472 52749
3913 53644 49007 97428 41237 82926 19760 4649 12783 14584
34077 32521 18220 17972 93442 62582 16246 22596 46982 95523
5027 9180 40033 63563 35469 41353 10031 29518 28078 37316
5274 68307 93098 57090 21973 98149 85379 48924 63178 93337
92429 63670 41741 43598 13042 13211 5854 63563 48214 72003
61818 79694 97670 14760 17022 34415 91681 96345 48086 91746
35141 68050 79968 15594 46030 14344 85829 57830 18699 40651
8647 58799 74708 34359 96721 40655 93824 38495 71538 67235
9699 32075 32237 63505 1860 60310 5650 95913 42589 23083
10071 49995 77017 93877 97195 6263 76941 5249 43327 89414
62283 62523 19181 66108 94179 52203 89074 14956 87071 40513
96253 48487 94430 42594 42907 68314 26300 45243 14856 92027
95846 34350 4927 23169 53985 4808 89220 19702 89068 36752
66207 71533 14599 61517 37338 46168 39407 46315 16324 39454
49478 26577 4282 19845 1416 36632 80188 31753 6459 18987
70281 72538 78566 63723 40525 8539 52750 1430 58532 58314
41353 32706 52194 37207 31019 95792 16080 28347 87164 52253
75082 24746 6752 47095 23200 19403 58454 75379 67117 55718
9651 46902 24450 32431 14435 35409 51692 40600 5530 3876
51127 32675 58440 23235 5613 28182 8004 80945 14866 69711
35141 14848 90457 28468 72250 50239 80400 95508 81573 5845
65621 5328 28285 92145 76924 46943 66482 62799 80854 74784
75413 75058 11208 59478 95834 52741 81132 47465 25039 97736
10611 98014 85213 67056 99266 33422 48514 67418 85203 72977
71091 79884 26539 70178 64732 39622 20260 92293 26395 80457
60430 17279 35771 41489 94909 43357 71767 25383 340 48669
67165 11685 18885 62909 31452 50299 81963 73786 93512 94589
59332 18594 95421 34621 90615 58282 5019 44496 24381 48919
96936 89393 55516 74858 79198 94583 42280 416 28850 48019
64401 89453 47867 1931 38170 60985 62554 35970 7936 65579
10560 2415 11654 35730 873 84319 42652 20531 37795 27030
94786 42985 82829 81996 13304 96529 85799 37894 55214 54347
60739 90747 90903 17566 81670 42289 22720 34692 30463 21319
55535 14091 76972 78469 82372 74276 45293 51323 33473 31606
6828 57322 99570 33495 7076 28171 87628 53045 71011 28276
29444 38912 34053 47917 6930 53258 12863 4027 67907 12195
30930 44070 23800 26209 73798 37523 72140 83284 37902 15661
69062 36768 7005 44168 66157 5520 94012 23788 47977 56775
771 34608 79467 22179 91504 52254 84569 49325 13098 2144
44837 17461 51154 34996 81787 84175 75385 33630 57998 63977
59763 23173 46224 82927 98801 67801 52920 21375 58224 91449
94693 24364 3201 92757 65293 46355 52271 77513 68466 78665
60040 40420 40416 73373 80131 32390 34763 72924 86104 84037
99120 59165 8879 46363 99493 88858 56780 64456 33916 9728
82170 88526 15136 2021 56950 90533 24657 88217 18856 89152
31597 35459 92545 99237 87004 47027 41347 24953 27538 26016
47980 84195 1775 60993 80698 14721 31693 13069 32472 22925
97503 41819 27672 71116 78113 49082 16095 68925 99847 19393
98364 58037 79307 62037 23151 3150 85186 85765 42768 94029
45624 67440 86001 18566 66557 12888 72190 86666 73620 3953
66026 4284 55193 96639 10447 2718 8494 65942 14163 8536
10063 5740 47296 19962 77262 90152 92150 25546 19524 47052
31399 39742 42620 78799 18553 30941 46469 15904 15419 36902
23303 97662 65462 85579 61688 69492 72542 77260 84806 53002
39878 28314 57872 22484 88182 9415 9918 26088 88856 5017
7112 50498 56283 9169 19594 76374 87062 44762 63655 16548
