0.00141373
0.00307838
0.00476755
0.00727307
0.00897303
0.0102057
0.0120938
0.0133997
0.0144132
0.0157533
0.0167614
0.0176983
0.0186374
0.0193821
0.0201707
0.0211868
0.0222519
0.0231966
0.0239477
0.0247343
0.0254366
0.0260926
0.0267594
0.0275156
0.0283573
0.0290625
0.030002
0.0314004
0.0323769
0.0332566
0.0341152
0.034971
0.03567
0.036346
0.0370129
0.0376671
0.0383502
0.0390062
0.0396474
0.0402752
0.0409134
0.0415508
0.0422076
0.0428538
0.0438557
0.0450176
0.0458157
0.0465843
0.0475237
0.048663
0.0497011
0.0505617
0.0513178
0.0520161
0.052726
0.0533993
0.0540753
0.054742
0.0554136
0.056049
0.0566917
0.0573911
0.0580779
0.0588114
0.0595332
0.0603221
0.0612311
0.0620363
0.0628833
0.0638418
0.0647039
0.0654671
0.0662829
0.0670158
0.0677453
0.0684334
0.069142
0.0698592
0.0705646
0.0712663
0.0719536
0.0726227
0.073295
0.0739414
0.074661
0.0753484
0.0760216
0.0776058
0.0791168
0.0801081
0.0813067
0.0828262
0.0837394
0.0845136
0.085243
0.0859538
0.0866539
0.0873227
0.0880114
0.0886836
