0.00143758
0.00301202
0.00454346
0.00625241
0.00783077
0.00964487
0.0114137
0.0132989
0.0150099
0.0169028
0.0186623
0.0202851
0.0216724
0.0230399
0.0243601
0.0254951
0.0277305
0.0292018
0.0306766
0.0320774
0.033261
0.0344103
0.0355235
0.0367462
0.0379189
0.0389999
0.0400852
0.0411717
0.0422452
0.0434299
0.0446686
0.0464267
0.0476605
0.048808
0.0500151
0.0510717
0.0521186
0.0531505
0.054227
0.0553185
0.056365
0.0573674
0.0584171
0.0613744
0.063981
0.0664454
0.0680566
0.0693957
0.070646
0.0718343
0.0730387
0.0742365
0.0756054
0.0770938
0.0786427
0.0801055
0.0813728
0.0826431
0.0838421
0.0852307
0.0864332
0.0875817
0.0886789
0.0897682
0.0908561
0.0919475
0.0941044
0.0958254
0.0975772
0.0990942
0.100337
0.101585
0.102772
0.104119
0.105492
0.106688
0.107836
0.108983
0.110288
0.111617
0.112974
0.114447
0.115618
0.116791
0.117908
0.118979
0.120216
0.121456
0.122651
0.123961
0.125224
0.12701
0.128387
0.129666
0.131606
0.13361
0.134923
0.136148
0.137327
0.138561
